Grammar_Name: cola/colabnf
Grammar_Version: 25
Creation_Date: 2025-01-19 11:48:57.800945
Update_Date: 2025-04-30 20:31:44.748716
