Contract_Name: allCases
Contract_Version: 1
Grammar_Name: cola_extended_v2
Grammar_Version: 2
Creation_Date: 2025-01-19 12:50:00.638234
Update_Date: 2025-01-19 12:50:00.638234
Hash: -810055166836776082
