Contract_Name: Contract_Example
Contract_Version: 6
Grammar_Name: colabnf
Grammar_Version: 18
Creation_Date: 2025-04-15 00:00:23.911581
Update_Date: 2025-04-15 00:03:19.221982
Hash: -818501534330533311
