Contract_Name: first
Contract_Version: 1
Grammar_Name: cola_extended_v2
Grammar_Version: 2
Creation_Date: 2025-01-19 12:49:58.003846
Update_Date: 2025-01-19 12:49:58.003846
Hash: -1928749268379587886
