Contract_Name: guarantor
Contract_Version: 2
Grammar_Name: cola/cola_extended_v2
Grammar_Version: 52
Creation_Date: 2025-01-19 12:49:45.008031
Update_Date: 2025-03-14 16:56:53.949571
Hash: -5725598428879972695
