Contract_Name: isdaModified
Contract_Version: 1
Grammar_Name: cola/cola_extended_v2
Grammar_Version: 2
Creation_Date: 2025-01-19 12:49:54.939018
Update_Date: 2025-01-19 12:49:54.939018
Hash: -6774970436333931308
