Contract_Name: ISDA_Master
Contract_Version: 4
Grammar_Name: cola/colabnf
Grammar_Version: 20
Creation_Date: 2025-04-15 00:05:40.530161
Update_Date: 2025-04-15 00:07:22.712828
Hash: 5091391571000220559
