Contract_Name: newfile
Contract_Version: 1
Grammar_Name: cola_extended_v2
Grammar_Version: 2
Creation_Date: 2025-01-19 12:49:50.483453
Update_Date: 2025-01-19 12:49:50.483453
Hash: 8679130607584702501
