Contract_Name: second
Contract_Version: 1
Grammar_Name: cola_extended_v2
Grammar_Version: 2
Creation_Date: 2025-01-19 12:50:03.155067
Update_Date: 2025-01-19 12:50:03.155067
Hash: -5192334419448881360
