Contract_Name: serviceLevelAgreement
Contract_Version: 6
Grammar_Name: cola_extended_v2
Grammar_Version: 2
Creation_Date: 2025-01-19 12:48:55.176995
Update_Date: 2025-01-19 13:07:35.693690
Hash: 8313941715669242119
