Contract_Name: short
Contract_Version: 1
Grammar_Name: cola/cola_extended_v2
Grammar_Version: 2
Creation_Date: 2025-01-19 12:49:41.439501
Update_Date: 2025-01-19 12:49:41.439501
Hash: 2815440066266685342
