Contract_Name: tenancy
Contract_Version: 1
Grammar_Name: cola_extended_v2
Grammar_Version: 2
Creation_Date: 2025-01-19 12:49:47.491418
Update_Date: 2025-01-19 12:49:47.491418
Hash: 7859326917026705797
