Grammar_Name: cola_extended_v2
Grammar_Version: 50
Creation_Date: 2025-01-19 11:48:46.456330
Update_Date: 2025-02-07 19:43:40.626420
