Grammar_Name: colabnf
Grammar_Version: 23
Creation_Date: 2025-01-19 11:48:57.800945
Update_Date: 2025-04-25 22:16:30.417514
