Grammar_Name: colabnf
Grammar_Version: 9
Creation_Date: 2025-01-19 11:48:57.800945
Update_Date: 2025-01-25 13:44:25.708981
