Grammar_Name: cola_extended_v2
Grammar_Version: 53
Creation_Date: 2025-01-19 11:48:46.456330
Update_Date: 2025-04-12 17:39:43.485922
