Grammar_Name: cola_extended_v2
Grammar_Version: 11
Creation_Date: 2025-01-19 11:48:46.456330
Update_Date: 2025-01-24 20:51:36.792911
