Grammar_Name: colabnf
Grammar_Version: 12
Creation_Date: 2025-01-19 11:48:57.800945
Update_Date: 2025-01-28 15:04:59.427734
