Grammar_Name: colabnf
Grammar_Version: 13
Creation_Date: 2025-01-19 11:48:57.800945
Update_Date: 2025-02-06 10:11:01.740284
