Grammar_Name: lexonbnf
Grammar_Version: 1
Creation_Date: 2025-01-19 11:49:12.361142
Update_Date: 2025-01-19 11:49:12.361142
