Grammar_Name: lexonbnf
Grammar_Version: 5
Creation_Date: 2025-01-19 11:49:12.361142
Update_Date: 2025-01-28 15:06:22.858875
